%%MatrixMarket matrix coordinate real general
34 34 156
1 2 0.3467250756345587
1 3 0.3499316352495271
1 4 0.6787087796360147
1 5 0.6169078697349195
1 6 0.9585396928374726
1 7 0.5449389939723606
1 8 0.4216378486722117
1 9 0.6410769177069789
1 11 0.4964844553757823
1 12 0.1763257664349875
1 13 0.6917069695248281
1 14 0.6230959088799588
1 18 0.7769537809597794
1 20 0.29582307247762246
1 22 0.4394188950007463
1 32 0.7972351589960133
2 1 0.3467250756345587
2 3 0.0912830615795432
2 4 0.5051622702747325
2 8 0.43993511504788774
2 14 0.07212308267563493
2 18 0.5302823816059606
2 20 0.795926940165737
2 22 0.8993620423376487
2 31 0.27018157427034284
3 1 0.3499316352495271
3 2 0.0912830615795432
3 4 0.07265349563578004
3 8 0.43194873335858913
3 9 0.19644798156801058
3 10 0.7436749063496683
3 14 0.13676709381188748
3 28 0.9801211206392886
3 29 0.03542490402561835
3 33 0.28320905580967504
4 1 0.6787087796360147
4 2 0.5051622702747325
4 3 0.07265349563578004
4 8 0.5017896188000174
4 13 0.141602416284399
4 14 0.5910465051754348
5 1 0.6169078697349195
5 7 0.19410331009082812
5 11 0.926437905078417
6 1 0.9585396928374726
6 7 0.25141052026688304
6 11 0.34291814534405596
6 17 0.97631154708743
7 1 0.5449389939723606
7 5 0.19410331009082812
7 6 0.25141052026688304
7 17 0.14376167583041646
8 1 0.4216378486722117
8 2 0.43993511504788774
8 3 0.43194873335858913
8 4 0.5017896188000174
9 1 0.6410769177069789
9 3 0.19644798156801058
9 31 0.20640398526817
9 33 0.11399283862674023
9 34 0.4488248519980692
10 3 0.7436749063496683
10 34 0.39393457820656985
11 1 0.4964844553757823
11 5 0.926437905078417
11 6 0.34291814534405596
12 1 0.1763257664349875
13 1 0.6917069695248281
13 4 0.141602416284399
14 1 0.6230959088799588
14 2 0.07212308267563493
14 3 0.13676709381188748
14 4 0.5910465051754348
14 34 0.20190650505675428
15 33 0.7645388873481244
15 34 0.6911107424221402
16 33 0.021251146085069
16 34 0.31806075183373866
17 6 0.97631154708743
17 7 0.14376167583041646
18 1 0.7769537809597794
18 2 0.5302823816059606
19 33 0.717148284395562
19 34 0.0405028688598849
20 1 0.29582307247762246
20 2 0.795926940165737
20 34 0.9798303264805953
21 33 0.4934070621276772
21 34 0.24271502398015868
22 1 0.4394188950007463
22 2 0.8993620423376487
23 33 0.9400225611873173
23 34 0.6459310540680827
24 26 0.04905327788424328
24 28 0.42362939893202706
24 30 0.05730596637685094
24 33 0.9512090802713938
24 34 0.7151037773083506
25 26 0.559690681429943
25 28 0.9390893211878597
25 32 0.8705849427264996
26 24 0.04905327788424328
26 25 0.559690681429943
26 32 0.07149495196186675
27 30 0.053258717097879694
27 34 0.8241713923789266
28 3 0.9801211206392886
28 24 0.42362939893202706
28 25 0.9390893211878597
28 34 0.6485505638126519
29 3 0.03542490402561835
29 32 0.28868831788773613
29 34 0.9574099216350621
30 24 0.05730596637685094
30 27 0.053258717097879694
30 33 0.00953249119087079
30 34 0.4112862912651124
31 2 0.27018157427034284
31 9 0.20640398526817
31 33 0.42721187991145093
31 34 0.3344465186807984
32 1 0.7972351589960133
32 25 0.8705849427264996
32 26 0.07149495196186675
32 29 0.28868831788773613
32 33 0.12249334618076596
32 34 0.2011205982857499
33 3 0.28320905580967504
33 9 0.11399283862674023
33 15 0.7645388873481244
33 16 0.021251146085069
33 19 0.717148284395562
33 21 0.4934070621276772
33 23 0.9400225611873173
33 24 0.9512090802713938
33 30 0.00953249119087079
33 31 0.42721187991145093
33 32 0.12249334618076596
33 34 0.05954080384126724
34 9 0.4488248519980692
34 10 0.39393457820656985
34 14 0.20190650505675428
34 15 0.6911107424221402
34 16 0.31806075183373866
34 19 0.0405028688598849
34 20 0.9798303264805953
34 21 0.24271502398015868
34 23 0.6459310540680827
34 24 0.7151037773083506
34 27 0.8241713923789266
34 28 0.6485505638126519
34 29 0.9574099216350621
34 30 0.4112862912651124
34 31 0.3344465186807984
34 32 0.2011205982857499
34 33 0.05954080384126724
