%%MatrixMarket matrix coordinate real general
1024 1024 4096
1 2 0.03225806451612903
2 1 0.03225806451612903
1 3 0.06451612903225806
3 1 0.06451612903225806
1 4 0.0967741935483871
4 1 0.0967741935483871
1 5 0.12903225806451613
5 1 0.12903225806451613
1 6 0.16129032258064516
6 1 0.16129032258064516
1 7 0.1935483870967742
7 1 0.1935483870967742
1 8 0.22580645161290322
8 1 0.22580645161290322
1 9 0.25806451612903225
9 1 0.25806451612903225
1 10 0.2903225806451613
10 1 0.2903225806451613
1 11 0.3225806451612903
11 1 0.3225806451612903
1 12 0.3548387096774194
12 1 0.3548387096774194
1 13 0.3870967741935484
13 1 0.3870967741935484
1 17 0.5161290322580645
17 1 0.5161290322580645
1 18 0.5483870967741935
18 1 0.5483870967741935
1 19 0.5806451612903226
19 1 0.5806451612903226
1 21 0.6451612903225806
21 1 0.6451612903225806
1 23 0.7096774193548387
23 1 0.7096774193548387
1 24 0.7419354838709677
24 1 0.7419354838709677
1 25 0.7741935483870968
25 1 0.7741935483870968
1 33 0.03225806451612903
33 1 0.03225806451612903
1 34 0.045619792334615966
34 1 0.045619792334615966
1 35 0.07213122508063838
35 1 0.07213122508063838
1 37 0.13300340727798904
37 1 0.13300340727798904
1 38 0.16448450043847693
38 1 0.16448450043847693
1 41 0.2600728305902758
41 1 0.2600728305902758
1 45 0.38843853479975143
45 1 0.38843853479975143
1 47 0.4527635112134903
47 1 0.4527635112134903
1 49 0.5171361142542387
49 1 0.5171361142542387
1 52 0.6137515351754983
52 1 0.6137515351754983
1 53 0.6459672385322834
53 1 0.6459672385322834
1 54 0.6781869690847947
54 1 0.6781869690847947
1 65 0.06451612903225806
65 1 0.06451612903225806
1 67 0.09123958466923193
67 1 0.09123958466923193
1 69 0.14426245016127676
69 1 0.14426245016127676
1 70 0.1737149937785324
70 1 0.1737149937785324
1 71 0.20401791355925028
71 1 0.20401791355925028
1 75 0.32896900087695385
75 1 0.32896900087695385
1 77 0.3924362922773045
77 1 0.3924362922773045
1 78 0.4242885947730937
78 1 0.4242885947730937
1 79 0.45619792334615966
79 1 0.45619792334615966
1 81 0.5201456611805516
81 1 0.5201456611805516
1 82 0.5521691215685061
82 1 0.5521691215685061
1 89 0.7768770695995029
89 1 0.7768770695995029
1 97 0.0967741935483871
97 1 0.0967741935483871
1 98 0.10200895677962514
98 1 0.10200895677962514
1 105 0.275613024042501
105 1 0.275613024042501
1 108 0.3677985242255284
108 1 0.3677985242255284
1 113 0.5251232450354744
113 1 0.5251232450354744
1 126 0.9404761120718226
126 1 0.9404761120718226
1 129 0.12903225806451613
129 1 0.12903225806451613
1 130 0.13300340727798904
130 1 0.13300340727798904
1 131 0.14426245016127676
131 1 0.14426245016127676
1 133 0.18247916933846386
133 1 0.18247916933846386
1 134 0.20655239475589834
134 1 0.20655239475589834
1 135 0.23261621132025737
135 1 0.23261621132025737
1 137 0.2885249003225535
137 1 0.2885249003225535
1 141 0.40803582711850056
141 1 0.40803582711850056
1 145 0.5320136291119562
145 1 0.5320136291119562
1 147 0.5948093198253476
147 1 0.5948093198253476
1 149 0.6579380017539077
149 1 0.6579380017539077
1 155 0.8485771895461874
155 1 0.8485771895461874
1 161 0.16129032258064516
161 1 0.16129032258064516
1 162 0.16448450043847693
162 1 0.16448450043847693
1 163 0.1737149937785324
163 1 0.1737149937785324
1 170 0.3321171013221613
170 1 0.3321171013221613
1 174 0.4493028476511006
174 1 0.4493028476511006
1 175 0.47955060475220984
175 1 0.47955060475220984
1 180 0.6337704098189839
180 1 0.6337704098189839
1 185 0.7908161723955653
185 1 0.7908161723955653
1 187 0.8540775674112082
187 1 0.8540775674112082
1 193 0.1935483870967742
193 1 0.1935483870967742
1 194 0.19621814613865224
194 1 0.19621814613865224
1 195 0.20401791355925028
195 1 0.20401791355925028
1 197 0.23261621132025737
197 1 0.23261621132025737
1 199 0.2737187540076958
199 1 0.2737187540076958
1 211 0.6120537406777509
211 1 0.6120537406777509
1 225 0.22580645161290322
225 1 0.22580645161290322
1 229 0.2600728305902758
229 1 0.2600728305902758
1 230 0.27749436345298795
230 1 0.27749436345298795
1 251 0.868574968892662
251 1 0.868574968892662
1 257 0.25806451612903225
257 1 0.25806451612903225
1 258 0.2600728305902758
258 1 0.2600728305902758
1 259 0.2660068145559781
259 1 0.2660068145559781
1 261 0.2885249003225535
261 1 0.2885249003225535
1 263 0.3225806451612903
263 1 0.3225806451612903
1 265 0.36495833867692773
265 1 0.36495833867692773
1 267 0.4131047895117967
267 1 0.4131047895117967
1 270 0.4923979845959274
270 1 0.4923979845959274
1 275 0.6354101807610391
275 1 0.6354101807610391
1 279 0.7551419297238469
279 1 0.7551419297238469
1 281 0.8160716542370011
281 1 0.8160716542370011
1 289 0.2903225806451613
289 1 0.2903225806451613
1 290 0.2921091980044328
290 1 0.2921091980044328
1 293 0.31770509038051953
293 1 0.31770509038051953
1 297 0.3884385347997515
297 1 0.3884385347997515
1 307 0.6491810257257454
307 1 0.6491810257257454
1 308 0.6781869690847948
308 1 0.6781869690847948
1 321 0.3225806451612903
321 1 0.3225806451612903
1 324 0.3367840809325984
324 1 0.3367840809325984
1 325 0.3474299875570648
325 1 0.3474299875570648
1 327 0.37619044482872904
327 1 0.37619044482872904
1 329 0.4131047895117967
329 1 0.4131047895117967
1 337 0.6086439440036518
337 1 0.6086439440036518
1 341 0.7213122508063837
341 1 0.7213122508063837
1 352 1.050741772574344
352 1 1.050741772574344
1 353 0.3548387096774194
353 1 0.3548387096774194
1 355 0.3606561254031919
355 1 0.3606561254031919
1 366 0.549335044062142
366 1 0.549335044062142
1 385 0.3870967741935484
385 1 0.3870967741935484
1 386 0.38843853479975143
386 1 0.38843853479975143
1 387 0.3924362922773045
387 1 0.3924362922773045
1 389 0.40803582711850056
389 1 0.40803582711850056
1 401 0.6451612903225806
401 1 0.6451612903225806
1 449 0.45161290322580644
449 1 0.45161290322580644
1 450 0.4527635112134903
450 1 0.4527635112134903
1 473 0.8962867089967615
473 1 0.8962867089967615
1 481 0.4838709677419355
481 1 0.4838709677419355
1 513 0.5161290322580645
513 1 0.5161290322580645
1 517 0.5320136291119562
517 1 0.5320136291119562
1 518 0.5407436972335552
518 1 0.5407436972335552
1 521 0.577049800645107
521 1 0.577049800645107
1 522 0.5921793467963168
522 1 0.5921793467963168
1 525 0.6451612903225806
525 1 0.6451612903225806
1 529 0.7299166773538555
529 1 0.7299166773538555
1 530 0.7530720987050807
530 1 0.7530720987050807
1 534 0.8516373408028441
534 1 0.8516373408028441
1 535 0.8775142263700286
535 1 0.8775142263700286
1 538 0.95747239223586
538 1 0.95747239223586
1 545 0.5483870967741935
545 1 0.5483870967741935
1 546 0.549335044062142
546 1 0.549335044062142
1 548 0.5568605323107119
548 1 0.5568605323107119
1 549 0.5633628773088057
549 1 0.5633628773088057
1 553 0.6060740073566431
553 1 0.6060740073566431
1 565 0.8467357902197863
565 1 0.8467357902197863
1 572 1.0292294279705687
572 1 1.0292294279705687
1 577 0.5806451612903226
577 1 0.5806451612903226
1 578 0.5815405283006435
578 1 0.5815405283006435
1 585 0.6354101807610391
585 1 0.6354101807610391
1 587 0.6642342026443226
587 1 0.6642342026443226
1 601 0.967741935483871
601 1 0.967741935483871
1 609 0.6129032258064516
609 1 0.6129032258064516
1 611 0.6162894572433162
611 1 0.6162894572433162
1 613 0.6263383173854065
613 1 0.6263383173854065
1 641 0.6451612903225806
641 1 0.6451612903225806
1 643 0.64837907233038
643 1 0.64837907233038
1 645 0.6579380017539077
645 1 0.6579380017539077
1 665 1.0077741517298908
665 1 1.0077741517298908
1 706 0.7104101788885562
706 1 0.7104101788885562
1 709 0.7213122508063838
709 1 0.7213122508063838
1 710 0.7277751079147405
710 1 0.7277751079147405
1 721 0.8775142263700286
721 1 0.8775142263700286
1 737 0.7419354838709677
737 1 0.7419354838709677
1 769 0.7741935483870968
769 1 0.7741935483870968
1 778 0.826839072127503
778 1 0.826839072127503
1 787 0.967741935483871
787 1 0.967741935483871
1 801 0.8064516129032258
801 1 0.8064516129032258
1 802 0.8070965163352776
802 1 0.8070965163352776
1 817 0.95747239223586
817 1 0.95747239223586
1 833 0.8387096774193549
833 1 0.8387096774193549
1 897 0.9032258064516129
897 1 0.9032258064516129
1 901 0.9123958466923193
901 1 0.9123958466923193
1 903 0.9237303911791195
903 1 0.9237303911791195
1 904 0.9310238509459233
904 1 0.9310238509459233
1 950 1.155000889675365
950 1 1.155000889675365
2 3 0.03225806451612903
3 2 0.03225806451612903
2 5 0.0967741935483871
5 2 0.0967741935483871
2 9 0.22580645161290322
9 2 0.22580645161290322
2 10 0.25806451612903225
10 2 0.25806451612903225
2 11 0.29032258064516125
11 2 0.29032258064516125
2 13 0.3548387096774194
13 2 0.3548387096774194
2 15 0.4193548387096774
15 2 0.4193548387096774
2 17 0.4838709677419355
17 2 0.4838709677419355
2 19 0.5483870967741936
19 2 0.5483870967741936
2 23 0.6774193548387097
23 2 0.6774193548387097
2 25 0.7419354838709677
25 2 0.7419354838709677
2 34 0.03225806451612903
34 2 0.03225806451612903
2 47 0.42059370356146114
47 2 0.42059370356146114
2 49 0.4849450444636422
49 2 0.4849450444636422
2 50 0.5171361142542387
50 2 0.5171361142542387
2 53 0.6137515351754983
53 2 0.6137515351754983
2 57 0.742636415046538
57 2 0.742636415046538
2 65 0.07213122508063838
65 2 0.07213122508063838
2 66 0.06451612903225806
66 2 0.06451612903225806
2 67 0.07213122508063838
67 2 0.07213122508063838
2 68 0.09123958466923193
68 2 0.09123958466923193
2 83 0.5521691215685062
83 2 0.5521691215685062
2 88 0.7126039365927266
88 2 0.7126039365927266
2 98 0.0967741935483871
98 2 0.0967741935483871
2 105 0.24567010018915833
105 2 0.24567010018915833
2 113 0.4934535013154308
113 2 0.4934535013154308
2 129 0.13300340727798904
129 2 0.13300340727798904
2 132 0.14426245016127676
132 2 0.14426245016127676
2 157 0.8804738105778182
157 2 0.8804738105778182
2 161 0.16448450043847693
161 2 0.16448450043847693
2 163 0.16448450043847693
163 2 0.16448450043847693
2 193 0.19621814613865224
193 2 0.19621814613865224
2 205 0.4041923898755377
205 2 0.4041923898755377
2 217 0.7667654402583686
217 2 0.7667654402583686
2 225 0.22809896167307983
225 2 0.22809896167307983
2 257 0.2600728305902758
257 2 0.2600728305902758
2 261 0.275613024042501
261 2 0.275613024042501
2 265 0.3429079294430532
265 2 0.3429079294430532
2 267 0.38843853479975143
267 2 0.38843853479975143
2 272 0.5201456611805516
272 2 0.5201456611805516
2 276 0.6354101807610391
276 2 0.6354101807610391
2 289 0.2921091980044328
289 2 0.2921091980044328
2 325 0.3367840809325984
325 2 0.3367840809325984
2 330 0.4131047895117967
330 2 0.4131047895117967
2 331 0.4339878724862487
331 2 0.4339878724862487
2 337 0.5815405283006434
337 2 0.5815405283006434
2 339 0.636228481397291
339 2 0.636228481397291
2 357 0.3677985242255284
357 2 0.3677985242255284
2 385 0.38843853479975143
385 2 0.38843853479975143
2 389 0.3990102218339671
389 2 0.3990102218339671
2 405 0.7249098404594914
405 2 0.7249098404594914
2 450 0.45161290322580644
450 2 0.45161290322580644
2 481 0.4849450444636422
481 2 0.4849450444636422
2 515 0.5171361142542387
515 2 0.5171361142542387
2 516 0.5201456611805516
516 2 0.5201456611805516
2 521 0.5633628773088059
521 2 0.5633628773088059
2 524 0.6086439440036518
524 2 0.6086439440036518
2 529 0.707474587079397
529 2 0.707474587079397
2 531 0.7530720987050809
531 2 0.7530720987050809
2 533 0.801273699895111
533 2 0.801273699895111
2 545 0.549335044062142
545 2 0.549335044062142
2 549 0.5568605323107119
549 2 0.5568605323107119
2 553 0.5930573003500076
553 2 0.5930573003500076
2 559 0.6903527277107321
559 2 0.6903527277107321
2 579 0.5815405283006435
579 2 0.5815405283006435
2 585 0.6230067069621925
585 2 0.6230067069621925
2 595 0.798672155041287
595 2 0.798672155041287
2 625 0.7808850604458196
625 2 0.7808850604458196
2 673 0.6781869690847947
673 2 0.6781869690847947
2 681 0.7140626974573759
681 2 0.7140626974573759
2 735 1.1742112724645999
735 2 1.1742112724645999
2 753 0.8857761430803859
753 2 0.8857761430803859
2 777 0.8064516129032258
777 2 0.8064516129032258
2 802 0.8064516129032258
802 2 0.8064516129032258
2 805 0.8122373104525271
805 2 0.8122373104525271
2 817 0.9404761120718226
817 2 0.9404761120718226
2 929 0.9360398792610908
929 2 0.9360398792610908
3 4 0.03225806451612903
4 3 0.03225806451612903
3 5 0.06451612903225806
5 3 0.06451612903225806
3 9 0.1935483870967742
9 3 0.1935483870967742
3 13 0.3225806451612903
13 3 0.3225806451612903
3 18 0.48387096774193544
18 3 0.48387096774193544
3 20 0.5483870967741935
20 3 0.5483870967741935
3 21 0.5806451612903225
21 3 0.5806451612903225
3 33 0.07213122508063838
33 3 0.07213122508063838
3 41 0.19621814613865224
41 3 0.19621814613865224
3 42 0.22809896167307986
42 3 0.22809896167307986
3 50 0.48494504446364217
50 3 0.48494504446364217
3 65 0.09123958466923193
65 3 0.09123958466923193
3 66 0.07213122508063838
66 3 0.07213122508063838
3 69 0.09123958466923193
69 3 0.09123958466923193
3 81 0.45619792334615966
81 3 0.45619792334615966
3 101 0.11630810566012868
101 3 0.11630810566012868
3 106 0.24567010018915836
106 3 0.24567010018915836
3 118 0.6204962600539142
118 3 0.6204962600539142
3 129 0.14426245016127676
129 3 0.14426245016127676
3 130 0.13300340727798904
130 3 0.13300340727798904
3 135 0.18247916933846386
135 3 0.18247916933846386
3 146 0.5007798289116137
146 3 0.5007798289116137
3 147 0.5320136291119562
147 3 0.5320136291119562
3 149 0.5948093198253475
149 3 0.5948093198253475
3 153 0.7213122508063838
153 3 0.7213122508063838
3 193 0.20401791355925028
193 3 0.20401791355925028
3 209 0.49134020037831666
209 3 0.49134020037831666
3 213 0.6120537406777508
213 3 0.6120537406777508
3 217 0.7355970484510568
217 3 0.7355970484510568
3 234 0.3193385463423118
234 3 0.3193385463423118
3 257 0.2660068145559781
257 3 0.2660068145559781
3 258 0.2600728305902758
258 3 0.2600728305902758
3 261 0.2660068145559781
261 3 0.2660068145559781
3 262 0.275613024042501
262 3 0.275613024042501
3 270 0.4387571131850143
270 3 0.4387571131850143
3 271 0.46523242264051473
271 3 0.46523242264051473
3 278 0.6650170363899451
278 3 0.6650170363899451
3 289 0.2974046599126738
289 3 0.2974046599126738
3 292 0.2921091980044328
292 3 0.2921091980044328
3 321 0.32896900087695385
321 3 0.32896900087695385
3 326 0.3367840809325984
326 3 0.3367840809325984
3 329 0.37619044482872904
329 3 0.37619044482872904
3 342 0.6926100178575447
342 3 0.6926100178575447
3 353 0.3606561254031919
353 3 0.3606561254031919
3 387 0.3870967741935484
387 3 0.3870967741935484
3 388 0.38843853479975143
388 3 0.38843853479975143
3 389 0.3924362922773045
389 3 0.3924362922773045
3 401 0.5948093198253476
401 3 0.5948093198253476
3 437 0.7162452681024037
437 3 0.7162452681024037
3 465 0.6386770926846236
465 3 0.6386770926846236
3 513 0.5201456611805516
513 3 0.5201456611805516
3 516 0.5171361142542387
516 3 0.5171361142542387
3 517 0.5201456611805516
517 3 0.5201456611805516
3 529 0.6858158588861064
529 3 0.6858158588861064
3 539 0.9304648452810295
539 3 0.9304648452810295
3 546 0.549335044062142
546 3 0.549335044062142
3 553 0.5815405283006434
553 3 0.5815405283006434
3 569 0.8968670177069576
569 3 0.8968670177069576
3 577 0.5842183960088656
577 3 0.5842183960088656
3 578 0.5815405283006435
578 3 0.5815405283006435
3 593 0.7355970484510568
593 3 0.7355970484510568
3 594 0.7558306137974181
594 3 0.7558306137974181
3 601 0.9169464776485095
601 3 0.9169464776485095
3 626 0.7808850604458196
626 3 0.7808850604458196
3 641 0.64837907233038
641 3 0.64837907233038
3 659 0.8262095790235934
659 3 0.8262095790235934
3 670 1.083890168800738
670 3 1.083890168800738
3 673 0.6804846164428705
673 3 0.6804846164428705
3 709 0.7126039365927266
709 3 0.7126039365927266
3 721 0.8411874071229224
721 3 0.8411874071229224
3 769 0.7768770695995029
769 3 0.7768770695995029
3 778 0.8064516129032258
778 3 0.8064516129032258
3 785 0.8962867089967615
785 3 0.8962867089967615
3 905 0.9237303911791195
905 3 0.9237303911791195
3 978 1.0819683762095758
978 3 1.0819683762095758
4 5 0.03225806451612903
5 4 0.03225806451612903
4 9 0.16129032258064516
9 4 0.16129032258064516
4 97 0.1368593770038479
97 4 0.1368593770038479
4 134 0.14426245016127676
134 4 0.14426245016127676
4 145 0.43875711318501426
145 4 0.43875711318501426
4 172 0.3043219720018259
172 4 0.3043219720018259
4 194 0.20401791355925028
194 4 0.20401791355925028
4 257 0.275613024042501
257 4 0.275613024042501
4 265 0.3043219720018259
265 4 0.3043219720018259
4 269 0.38843853479975143
269 4 0.38843853479975143
4 271 0.4387571131850143
271 4 0.4387571131850143
4 273 0.4923979845959273
273 4 0.4923979845959273
4 385 0.3990102218339671
385 4 0.3990102218339671
4 387 0.38843853479975143
387 4 0.38843853479975143
4 393 0.4193548387096774
393 4 0.4193548387096774
4 517 0.5171361142542387
517 4 0.5171361142542387
4 529 0.6650170363899452
529 4 0.6650170363899452
4 553 0.571614359569979
553 4 0.571614359569979
4 609 0.6204962600539143
609 4 0.6204962600539143
4 642 0.64837907233038
642 4 0.64837907233038
4 643 0.6459672385322834
643 4 0.6459672385322834
4 657 0.7694748672178428
657 4 0.7694748672178428
4 837 0.8393297955650121
837 4 0.8393297955650121
4 1017 1.207848079151552
1017 4 1.207848079151552
5 6 0.03225806451612903
6 5 0.03225806451612903
5 7 0.06451612903225806
7 5 0.06451612903225806
5 9 0.12903225806451613
9 5 0.12903225806451613
5 10 0.16129032258064518
10 5 0.16129032258064518
5 17 0.3870967741935484
17 5 0.3870967741935484
5 18 0.4193548387096774
18 5 0.4193548387096774
5 25 0.6451612903225806
25 5 0.6451612903225806
5 32 0.8709677419354839
32 5 0.8709677419354839
5 33 0.13300340727798904
33 5 0.13300340727798904
5 34 0.10200895677962514
34 5 0.10200895677962514
5 38 0.045619792334615966
38 5 0.045619792334615966
5 44 0.22809896167307986
44 5 0.22809896167307986
5 57 0.6459672385322834
57 5 0.6459672385322834
5 65 0.14426245016127676
65 5 0.14426245016127676
5 66 0.11630810566012868
66 5 0.11630810566012868
5 67 0.09123958466923193
67 5 0.09123958466923193
5 93 0.7768770695995029
93 5 0.7768770695995029
5 106 0.18809522241436455
106 5 0.18809522241436455
5 117 0.5251232450354744
117 5 0.5251232450354744
5 130 0.16129032258064516
130 5 0.16129032258064516
5 131 0.14426245016127676
131 5 0.14426245016127676
5 136 0.16129032258064516
136 5 0.16129032258064516
5 140 0.2600728305902758
140 5 0.2600728305902758
5 145 0.40803582711850056
145 5 0.40803582711850056
5 153 0.6579380017539077
153 5 0.6579380017539077
5 163 0.1737149937785324
163 5 0.1737149937785324
5 180 0.5100447838981257
180 5 0.5100447838981257
5 195 0.20401791355925028
195 5 0.20401791355925028
5 197 0.1935483870967742
197 5 0.1935483870967742
5 228 0.22809896167307983
228 5 0.22809896167307983
5 257 0.2885249003225535
257 5 0.2885249003225535
5 259 0.2660068145559781
259 5 0.2660068145559781
5 267 0.3225806451612903
267 5 0.3225806451612903
5 291 0.2974046599126738
291 5 0.2974046599126738
5 296 0.30602687033887543
296 5 0.30602687033887543
5 321 0.3474299875570648
321 5 0.3474299875570648
5 322 0.3367840809325984
322 5 0.3367840809325984
5 328 0.3367840809325984
328 5 0.3367840809325984
5 391 0.3924362922773045
391 5 0.3924362922773045
5 401 0.5474375080153916
401 5 0.5474375080153916
5 417 0.4387571131850143
417 5 0.4387571131850143
5 450 0.46186519558955974
450 5 0.46186519558955974
5 453 0.45161290322580644
453 5 0.45161290322580644
5 513 0.5320136291119562
513 5 0.5320136291119562
5 515 0.5201456611805516
515 5 0.5201456611805516
5 516 0.5171361142542387
516 5 0.5171361142542387
5 521 0.5320136291119562
521 5 0.5320136291119562
5 530 0.6650170363899452
530 5 0.6650170363899452
5 531 0.6858158588861064
531 5 0.6858158588861064
5 641 0.6579380017539077
641 5 0.6579380017539077
5 657 0.7523808896574581
657 5 0.7523808896574581
5 665 0.9123958466923193
665 5 0.9123958466923193
5 707 0.7126039365927266
707 5 0.7126039365927266
5 714 0.7277751079147405
714 5 0.7277751079147405
5 769 0.784872584554609
769 5 0.784872584554609
5 772 0.7748652999654396
772 5 0.7748652999654396
5 777 0.784872584554609
777 5 0.784872584554609
5 785 0.8655747009676605
785 5 0.8655747009676605
5 835 0.8411874071229224
835 5 0.8411874071229224
5 969 0.9763061903497778
969 5 0.9763061903497778
6 9 0.0967741935483871
9 6 0.0967741935483871
6 10 0.12903225806451615
10 6 0.12903225806451615
6 33 0.16448450043847693
33 6 0.16448450043847693
6 37 0.045619792334615966
37 6 0.045619792334615966
6 65 0.1737149937785324
65 6 0.1737149937785324
6 66 0.14426245016127676
66 6 0.14426245016127676
6 81 0.3606561254031919
81 6 0.3606561254031919
6 84 0.4561979233461597
84 6 0.4561979233461597
6 149 0.5007798289116137
149 6 0.5007798289116137
6 257 0.3043219720018259
257 6 0.3043219720018259
6 324 0.32896900087695385
324 6 0.32896900087695385
6 333 0.3937598585720549
333 6 0.3937598585720549
6 401 0.5251232450354744
401 6 0.5251232450354744
6 410 0.7523808896574581
410 6 0.7523808896574581
6 517 0.5171361142542387
517 6 0.5171361142542387
6 521 0.5251232450354744
521 6 0.5251232450354744
6 527 0.5921793467963167
527 6 0.5921793467963167
6 529 0.6263383173854065
529 6 0.6263383173854065
6 549 0.549335044062142
549 6 0.549335044062142
6 581 0.5815405283006435
581 6 0.5815405283006435
6 857 1.0387898185873947
857 6 1.0387898185873947
6 981 1.0819683762095758
981 6 1.0819683762095758
7 10 0.09677419354838712
10 7 0.09677419354838712
7 13 0.1935483870967742
13 7 0.1935483870967742
7 17 0.3225806451612903
17 7 0.3225806451612903
7 19 0.38709677419354843
19 7 0.38709677419354843
7 33 0.19621814613865224
33 7 0.19621814613865224
7 34 0.16448450043847693
34 7 0.16448450043847693
7 67 0.14426245016127676
67 7 0.14426245016127676
7 68 0.11630810566012868
68 7 0.11630810566012868
7 73 0.09123958466923193
73 7 0.09123958466923193
7 81 0.32896900087695385
81 7 0.32896900087695385
7 161 0.2519435379324727
161 7 0.2519435379324727
7 193 0.2737187540076958
193 7 0.2737187540076958
7 201 0.20401791355925028
201 7 0.20401791355925028
7 217 0.6120537406777508
217 7 0.6120537406777508
7 261 0.2660068145559781
261 7 0.2660068145559781
7 270 0.3429079294430532
270 7 0.3429079294430532
7 465 0.5549887269059759
465 7 0.5549887269059759
7 513 0.551226048085002
513 7 0.551226048085002
7 577 0.6120537406777509
577 7 0.6120537406777509
7 579 0.5948093198253476
579 7 0.5948093198253476
7 587 0.5948093198253476
587 7 0.5948093198253476
7 641 0.6735681618651967
641 7 0.6735681618651967
7 657 0.7213122508063837
657 7 0.7213122508063837
7 705 0.7355970484510568
705 7 0.7355970484510568
7 778 0.7802184917708274
778 7 0.7802184917708274
8 291 0.3321171013221613
291 8 0.3321171013221613
9 11 0.06451612903225806
11 9 0.06451612903225806
9 12 0.09677419354838712
12 9 0.09677419354838712
9 17 0.25806451612903225
17 9 0.25806451612903225
9 19 0.32258064516129037
19 9 0.32258064516129037
9 33 0.2600728305902758
33 9 0.2600728305902758
9 35 0.19621814613865224
35 9 0.19621814613865224
9 39 0.07213122508063838
39 9 0.07213122508063838
9 45 0.13300340727798904
45 9 0.13300340727798904
9 47 0.19621814613865224
47 9 0.19621814613865224
9 49 0.2600728305902758
49 9 0.2600728305902758
9 58 0.549335044062142
58 9 0.549335044062142
9 65 0.2660068145559781
65 9 0.2660068145559781
9 68 0.1737149937785324
68 9 0.1737149937785324
9 69 0.14426245016127676
69 9 0.14426245016127676
9 72 0.07213122508063838
72 9 0.07213122508063838
9 81 0.2660068145559781
81 9 0.2660068145559781
9 105 0.0967741935483871
105 9 0.0967741935483871
9 129 0.2885249003225535
129 9 0.2885249003225535
9 131 0.23261621132025737
131 9 0.23261621132025737
9 138 0.13300340727798907
138 9 0.13300340727798907
9 141 0.18247916933846386
141 9 0.18247916933846386
9 149 0.40803582711850056
149 9 0.40803582711850056
9 153 0.5320136291119562
153 9 0.5320136291119562
9 161 0.3043219720018259
161 9 0.3043219720018259
9 162 0.27749436345298795
162 9 0.27749436345298795
9 193 0.3225806451612903
193 9 0.3225806451612903
9 195 0.2737187540076958
195 9 0.2737187540076958
9 197 0.23261621132025737
197 9 0.23261621132025737
9 217 0.551226048085002
217 9 0.551226048085002
9 223 0.7355970484510568
223 9 0.7355970484510568
9 229 0.2600728305902758
229 9 0.2600728305902758
9 257 0.36495833867692773
257 9 0.36495833867692773
9 265 0.25806451612903225
265 9 0.25806451612903225
9 274 0.38843853479975143
274 9 0.38843853479975143
9 284 0.6650170363899452
284 9 0.6650170363899452
9 289 0.3884385347997515
289 9 0.3884385347997515
9 305 0.3884385347997515
305 9 0.3884385347997515
9 321 0.4131047895117967
321 9 0.4131047895117967
9 325 0.3474299875570648
325 9 0.3474299875570648
9 332 0.3367840809325984
332 9 0.3367840809325984
9 338 0.4339878724862487
338 9 0.4339878724862487
9 385 0.46523242264051473
385 9 0.46523242264051473
9 386 0.4481433544983808
386 9 0.4481433544983808
9 401 0.46523242264051473
401 9 0.46523242264051473
9 515 0.551226048085002
515 9 0.551226048085002
9 517 0.5320136291119562
517 9 0.5320136291119562
9 525 0.5320136291119562
525 9 0.5320136291119562
9 532 0.6263383173854065
532 9 0.6263383173854065
9 533 0.6451612903225806
533 9 0.6451612903225806
9 546 0.5930573003500076
546 9 0.5930573003500076
9 548 0.571614359569979
548 9 0.571614359569979
9 553 0.5483870967741935
553 9 0.5483870967741935
9 563 0.6362284813972909
563 9 0.6362284813972909
9 577 0.6354101807610391
577 9 0.6354101807610391
9 579 0.6120537406777509
579 9 0.6120537406777509
9 580 0.6026303771699808
580 9 0.6026303771699808
9 594 0.6491810257257454
594 9 0.6491810257257454
9 625 0.6650170363899452
625 9 0.6650170363899452
9 660 0.736304013581505
660 9 0.736304013581505
9 705 0.7551419297238469
705 9 0.7551419297238469
9 709 0.7213122508063838
709 9 0.7213122508063838
9 770 0.8064516129032258
770 9 0.8064516129032258
9 773 0.784872584554609
773 9 0.784872584554609
9 785 0.8160716542370011
785 9 0.8160716542370011
9 945 0.9704263842897628
945 9 0.9704263842897628
10 13 0.09677419354838707
13 10 0.09677419354838707
10 17 0.2258064516129032
17 10 0.2258064516129032
10 21 0.3548387096774193
21 10 0.3548387096774193
10 22 0.3870967741935483
22 10 0.3870967741935483
10 34 0.2600728305902758
34 10 0.2600728305902758
10 37 0.16448450043847695
37 10 0.16448450043847695
10 48 0.19621814613865224
48 10 0.19621814613865224
10 97 0.30602687033887543
97 10 0.30602687033887543
10 131 0.2600728305902758
131 10 0.2600728305902758
10 139 0.13300340727798904
139 10 0.13300340727798904
10 161 0.3321171013221613
161 10 0.3321171013221613
10 163 0.277494363452988
163 10 0.277494363452988
10 193 0.34892431698038606
193 10 0.34892431698038606
10 217 0.5211449813355972
217 10 0.5211449813355972
10 273 0.3429079294430532
273 10 0.3429079294430532
10 323 0.3937598585720549
323 10 0.3937598585720549
10 517 0.5407436972335552
517 10 0.5407436972335552
10 531 0.5921793467963168
531 10 0.5921793467963168
10 641 0.707474587079397
641 10 0.707474587079397
10 795 0.9487381399904995
795 10 0.9487381399904995
10 853 0.9106834976447163
853 10 0.9106834976447163
11 35 0.2600728305902758
35 11 0.2600728305902758
11 50 0.2280989616730798
50 11 0.2280989616730798
11 53 0.32418953616519
53 11 0.32418953616519
11 65 0.32896900087695385
65 11 0.32896900087695385
11 66 0.29740465991267373
66 11 0.29740465991267373
11 68 0.23484225449291993
68 11 0.23484225449291993
11 69 0.20401791355925028
69 11 0.20401791355925028
11 73 0.09123958466923193
73 11 0.09123958466923193
11 117 0.3367840809325984
117 11 0.3367840809325984
11 172 0.16448450043847693
172 11 0.16448450043847693
11 257 0.4131047895117967
257 11 0.4131047895117967
11 267 0.25806451612903225
267 11 0.25806451612903225
11 270 0.275613024042501
270 11 0.275613024042501
11 546 0.6204962600539143
546 11 0.6204962600539143
11 550 0.571614359569979
550 11 0.571614359569979
11 594 0.6230067069621925
594 11 0.6230067069621925
11 722 0.7447352503622707
722 11 0.7447352503622707
11 771 0.8160716542370011
771 11 0.8160716542370011
11 794 0.9129659160054777
794 11 0.9129659160054777
11 897 0.9591012095044197
897 11 0.9591012095044197
12 129 0.37757096486192343
129 12 0.37757096486192343
12 193 0.4041923898755377
193 12 0.4041923898755377
12 259 0.3884385347997515
259 12 0.3884385347997515
12 561 0.571614359569979
561 12 0.571614359569979
12 990 1.1285713344861872
990 12 1.1285713344861872
13 17 0.12903225806451613
17 13 0.12903225806451613
13 18 0.16129032258064513
18 13 0.16129032258064513
13 25 0.3870967741935484
25 13 0.3870967741935484
13 55 0.32418953616519003
55 13 0.32418953616519003
13 77 0.06451612903225806
77 13 0.06451612903225806
13 97 0.3990102218339671
97 13 0.3990102218339671
13 103 0.21639367524191513
103 13 0.21639367524191513
13 129 0.40803582711850056
129 13 0.40803582711850056
13 131 0.3474299875570648
131 13 0.3474299875570648
13 201 0.23261621132025737
201 13 0.23261621132025737
13 275 0.32258064516129037
275 13 0.32258064516129037
13 321 0.5038870758649454
321 13 0.5038870758649454
13 514 0.6263383173854065
514 13 0.6263383173854065
13 515 0.6086439440036518
515 13 0.6086439440036518
13 545 0.6712468402156391
545 13 0.6712468402156391
13 643 0.7213122508063837
643 13 0.7213122508063837
13 688 0.6842968850192395
688 13 0.6842968850192395
13 711 0.7355970484510568
711 13 0.7355970484510568
13 785 0.784872584554609
785 13 0.784872584554609
13 789 0.8160716542370011
789 13 0.8160716542370011
14 17 0.09677419354838707
17 14 0.09677419354838707
14 18 0.12903225806451607
18 14 0.12903225806451607
14 21 0.2258064516129032
21 14 0.2258064516129032
14 129 0.4387571131850143
129 14 0.4387571131850143
14 220 0.49134020037831666
220 14 0.49134020037831666
14 257 0.4923979845959274
257 14 0.4923979845959274
14 323 0.47955060475220984
323 14 0.47955060475220984
14 561 0.5568605323107119
561 14 0.5568605323107119
15 33 0.4527635112134903
33 15 0.4527635112134903
15 53 0.19621814613865224
53 15 0.19621814613865224
15 75 0.14426245016127676
75 15 0.14426245016127676
15 262 0.38843853479975143
262 15 0.38843853479975143
15 289 0.5368811928094593
289 15 0.5368811928094593
15 385 0.5948093198253476
385 15 0.5948093198253476
16 23 0.22580645161290325
23 16 0.22580645161290325
16 69 0.3606561254031919
69 16 0.3606561254031919
16 131 0.4387571131850143
131 16 0.4387571131850143
16 521 0.5633628773088059
521 16 0.5633628773088059
16 531 0.5251232450354744
531 16 0.5251232450354744
17 18 0.032258064516129004
18 17 0.032258064516129004
17 25 0.25806451612903225
25 17 0.25806451612903225
17 29 0.3870967741935484
29 17 0.3870967741935484
17 33 0.5171361142542387
33 17 0.5171361142542387
17 35 0.4527635112134903
35 17 0.4527635112134903
17 37 0.38843853479975143
37 17 0.38843853479975143
17 49 0.03225806451612903
49 17 0.03225806451612903
17 65 0.5201456611805516
65 17 0.5201456611805516
17 69 0.3924362922773045
69 17 0.3924362922773045
17 73 0.2660068145559781
73 17 0.2660068145559781
17 74 0.2348422544929199
74 17 0.2348422544929199
17 81 0.06451612903225806
81 17 0.06451612903225806
17 129 0.5320136291119562
129 17 0.5320136291119562
17 131 0.46968450898583985
131 17 0.46968450898583985
17 133 0.40803582711850056
133 17 0.40803582711850056
17 137 0.2885249003225535
137 17 0.2885249003225535
17 138 0.26007283059027575
138 17 0.26007283059027575
17 141 0.18247916933846386
141 17 0.18247916933846386
17 145 0.12903225806451613
145 17 0.12903225806451613
17 147 0.14426245016127678
147 17 0.14426245016127678
17 162 0.5100447838981257
162 17 0.5100447838981257
17 178 0.16448450043847693
178 17 0.16448450043847693
17 186 0.33211710132216127
186 17 0.33211710132216127
17 193 0.551226048085002
193 17 0.551226048085002
17 195 0.49134020037831666
195 17 0.49134020037831666
17 198 0.4041923898755377
198 17 0.4041923898755377
17 213 0.23261621132025737
213 17 0.23261621132025737
17 226 0.5339659792660274
226 17 0.5339659792660274
17 257 0.577049800645107
257 17 0.577049800645107
17 259 0.5201456611805516
259 17 0.5201456611805516
17 261 0.46523242264051473
261 17 0.46523242264051473
17 273 0.25806451612903225
273 17 0.25806451612903225
17 275 0.26600681455597813
275 17 0.26600681455597813
17 277 0.2885249003225535
277 17 0.2885249003225535
17 281 0.36495833867692773
281 17 0.36495833867692773
17 289 0.5921793467963168
289 17 0.5921793467963168
17 358 0.5018177156807757
358 17 0.5018177156807757
17 385 0.6451612903225806
385 17 0.6451612903225806
17 433 0.41935483870967744
433 17 0.41935483870967744
17 437 0.4387571131850143
437 17 0.4387571131850143
17 450 0.6618801460865545
450 17 0.6618801460865545
17 451 0.6386770926846236
451 17 0.6386770926846236
17 513 0.7299166773538555
513 17 0.7299166773538555
17 515 0.6858158588861064
515 17 0.6858158588861064
17 520 0.5921793467963167
520 17 0.5921793467963167
17 533 0.5320136291119562
533 17 0.5320136291119562
17 641 0.8262095790235934
641 17 0.8262095790235934
17 655 0.64837907233038
655 17 0.64837907233038
17 665 0.6948599751141296
665 17 0.6948599751141296
17 674 0.8324830903589638
674 17 0.8324830903589638
17 705 0.8775142263700286
705 17 0.8775142263700286
17 714 0.7447352503622707
714 17 0.7447352503622707
17 769 0.9304648452810295
769 17 0.9304648452810295
17 771 0.8962867089967615
771 17 0.8962867089967615
17 773 0.8655747009676605
773 17 0.8655747009676605
17 786 0.7748652999654396
786 17 0.7748652999654396
17 795 0.8387096774193549
795 17 0.8387096774193549
17 855 0.8607525202662151
855 17 0.8607525202662151
17 869 0.9531152711415585
869 17 0.9531152711415585
18 29 0.3548387096774194
29 18 0.3548387096774194
18 33 0.549335044062142
33 18 0.549335044062142
18 47 0.10200895677962511
47 18 0.10200895677962511
18 65 0.5521691215685061
65 18 0.5521691215685061
18 77 0.17371499377853236
77 18 0.17371499377853236
18 97 0.5568605323107119
97 18 0.5568605323107119
18 102 0.3990102218339671
102 18 0.3990102218339671
18 129 0.5633628773088057
129 18 0.5633628773088057
18 257 0.6060740073566431
257 18 0.6060740073566431
18 273 0.2600728305902758
273 18 0.2600728305902758
18 289 0.6204962600539143
289 18 0.6204962600539143
18 291 0.5642856672430936
291 18 0.5642856672430936
18 292 0.5368811928094592
292 18 0.5368811928094592
18 309 0.30602687033887543
309 18 0.30602687033887543
18 321 0.6362284813972909
321 18 0.6362284813972909
18 513 0.7530720987050807
513 18 0.7530720987050807
18 530 0.5161290322580645
530 18 0.5161290322580645
18 545 0.7755364696884715
545 18 0.7755364696884715
18 548 0.7104101788885561
548 18 0.7104101788885561
18 585 0.6491810257257454
585 18 0.6491810257257454
18 641 0.8467357902197863
641 18 0.8467357902197863
18 730 0.7551419297238469
730 18 0.7551419297238469
18 769 0.9487381399904995
769 18 0.9487381399904995
18 901 0.9958289703505245
901 18 0.9958289703505245
19 20 0.032258064516129004
20 19 0.032258064516129004
19 54 0.10200895677962506
54 19 0.10200895677962506
19 67 0.5201456611805516
67 19 0.5201456611805516
19 99 0.5251232450354744
99 19 0.5251232450354744
19 105 0.33678408093259843
105 19 0.33678408093259843
19 129 0.5948093198253476
129 19 0.5948093198253476
19 131 0.5320136291119562
131 19 0.5320136291119562
19 139 0.28852490032255357
139 19 0.28852490032255357
19 259 0.577049800645107
259 19 0.577049800645107
19 260 0.5483870967741935
260 19 0.5483870967741935
19 263 0.4652324226405148
263 19 0.4652324226405148
19 309 0.2974046599126738
309 19 0.2974046599126738
19 310 0.30602687033887543
310 19 0.30602687033887543
19 385 0.6978486339607721
385 19 0.6978486339607721
19 513 0.776877069599503
513 19 0.776877069599503
19 519 0.6451612903225806
519 19 0.6451612903225806
19 635 0.6650170363899452
635 19 0.6650170363899452
19 677 0.8141567396209007
677 19 0.8141567396209007
20 63 0.3563019682963633
63 20 0.3563019682963633
20 102 0.4618651955895598
102 20 0.4618651955895598
20 129 0.6263383173854065
129 20 0.6263383173854065
20 131 0.5633628773088057
131 20 0.5633628773088057
20 155 0.2600728305902758
155 20 0.2600728305902758
20 387 0.6712468402156391
387 20 0.6712468402156391
20 483 0.7313409063712667
483 20 0.7313409063712667
20 513 0.801273699895111
513 20 0.801273699895111
20 517 0.707474587079397
517 20 0.707474587079397
20 657 0.6523789811663446
657 20 0.6523789811663446
20 897 1.0915435042379762
897 20 1.0915435042379762
21 33 0.6459672385322834
33 21 0.6459672385322834
21 35 0.5815405283006434
35 21 0.5815405283006434
21 49 0.13300340727798904
49 21 0.13300340727798904
21 67 0.5842183960088655
67 21 0.5842183960088655
21 69 0.5201456611805516
69 21 0.5201456611805516
21 71 0.45619792334615966
71 21 0.45619792334615966
21 137 0.40803582711850056
137 21 0.40803582711850056
21 257 0.6948599751141296
257 21 0.6948599751141296
21 306 0.30602687033887543
306 21 0.30602687033887543
21 417 0.7694748672178428
417 21 0.7694748672178428
21 422 0.6403042981057809
422 21 0.6403042981057809
21 457 0.5948093198253476
457 21 0.5948093198253476
21 514 0.801273699895111
514 21 0.801273699895111
21 529 0.5320136291119562
529 21 0.5320136291119562
21 581 0.776877069599503
581 21 0.776877069599503
21 594 0.5886544384159568
594 21 0.5886544384159568
21 674 0.9135356295810513
674 21 0.9135356295810513
22 35 0.6137515351754982
35 22 0.6137515351754982
22 44 0.3241895361651899
44 22 0.3241895361651899
22 334 0.41310478951179663
334 22 0.41310478951179663
22 547 0.8224225021923846
547 22 0.8224225021923846
22 561 0.571614359569979
561 22 0.571614359569979
22 705 0.9810907306932612
705 22 0.9810907306932612
22 851 0.8442743437614452
851 22 0.8442743437614452
23 66 0.6804846164428706
66 23 0.6804846164428706
23 197 0.6120537406777509
197 23 0.6120537406777509
23 260 0.6650170363899452
260 23 0.6650170363899452
23 269 0.41310478951179674
269 23 0.41310478951179674
23 290 0.7370103005674751
290 23 0.7370103005674751
23 305 0.3489243169803861
305 23 0.3489243169803861
23 321 0.7795513531351337
321 23 0.7795513531351337
23 451 0.78751971714411
451 23 0.78751971714411
23 857 0.8411874071229224
857 23 0.8411874071229224
23 883 0.8804738105778182
883 23 0.8804738105778182
24 65 0.7447352503622707
65 24 0.7447352503622707
24 129 0.7530720987050807
129 24 0.7530720987050807
24 401 0.4481433544983808
401 24 0.4481433544983808
25 29 0.12903225806451613
29 25 0.12903225806451613
25 32 0.22580645161290325
32 25 0.22580645161290325
25 34 0.742636415046538
34 25 0.742636415046538
25 65 0.7768770695995029
65 25 0.7768770695995029
25 67 0.7126039365927266
67 25 0.7126039365927266
25 71 0.5842183960088655
71 25 0.5842183960088655
25 101 0.6523789811663446
101 25 0.6523789811663446
25 117 0.16129032258064516
117 25 0.16129032258064516
25 129 0.784872584554609
129 25 0.784872584554609
25 131 0.7213122508063838
131 25 0.7213122508063838
25 165 0.6650170363899452
165 25 0.6650170363899452
25 193 0.7980204436679342
193 25 0.7980204436679342
25 213 0.23261621132025737
213 25 0.23261621132025737
25 269 0.46523242264051473
269 25 0.46523242264051473
25 294 0.6781869690847948
294 25 0.6781869690847948
25 315 0.29740465991267384
315 25 0.29740465991267384
25 332 0.5290715957050556
332 25 0.5290715957050556
25 514 0.9038016597498
514 25 0.9038016597498
25 526 0.6263383173854064
526 25 0.6263383173854064
25 593 0.6354101807610391
593 25 0.6354101807610391
25 709 0.9591012095044197
709 25 0.9591012095044197
25 769 1.0948750160307832
769 25 1.0948750160307832
25 1009 1.0327619737794917
1009 25 1.0327619737794917
26 65 0.8090281421925453
65 26 0.8090281421925453
26 81 0.29740465991267373
81 26 0.29740465991267373
26 129 0.816708961365946
129 26 0.816708961365946
26 229 0.7140626974573759
229 26 0.7140626974573759
26 275 0.34290792944305315
275 26 0.34290792944305315
26 425 0.6903527277107321
425 26 0.6903527277107321
27 53 0.1962181461386523
53 27 0.1962181461386523
27 70 0.6804846164428706
70 27 0.6804846164428706
27 97 0.8442743437614453
97 27 0.8442743437614453
27 409 0.3924362922773045
409 27 0.3924362922773045
27 833 1.1861146007000152
833 27 1.1861146007000152
28 33 0.8715649087810513
33 28 0.8715649087810513
28 35 0.8070965163352776
35 28 0.8070965163352776
28 133 0.7530720987050807
133 28 0.7530720987050807
28 257 0.908395344537337
257 28 0.908395344537337
29 35 0.839329795565012
35 29 0.839329795565012
29 117 0.275613024042501
117 29 0.275613024042501
29 132 0.816708961365946
132 29 0.816708961365946
29 289 0.9487381399904995
289 29 0.9487381399904995
29 514 1.0124099888048526
514 29 1.0124099888048526
29 515 0.9847959691918546
515 29 0.9847959691918546
