%%MatrixMarket matrix coordinate real general
64 64 256
1 2 0.14285714285714285
2 1 0.14285714285714285
1 3 0.2857142857142857
3 1 0.2857142857142857
1 4 0.42857142857142855
4 1 0.42857142857142855
1 5 0.5714285714285714
5 1 0.5714285714285714
1 7 0.8571428571428571
7 1 0.8571428571428571
1 8 1.0
8 1 1.0
1 9 0.14285714285714285
9 1 0.14285714285714285
1 10 0.20203050891044214
10 1 0.20203050891044214
1 11 0.3194382824999699
11 1 0.3194382824999699
1 12 0.4517539514526256
12 1 0.4517539514526256
1 13 0.5890150893739515
13 1 0.5890150893739515
1 17 0.2857142857142857
17 1 0.2857142857142857
1 18 0.3194382824999699
18 1 0.3194382824999699
1 19 0.40406101782088427
19 1 0.40406101782088427
1 21 0.6388765649999398
21 1 0.6388765649999398
1 22 0.769309258162072
22 1 0.769309258162072
1 23 0.9035079029052512
23 1 0.9035079029052512
1 26 0.4517539514526256
26 1 0.4517539514526256
1 27 0.5150787536377127
27 1 0.5150787536377127
1 30 0.832993127835043
30 1 0.832993127835043
1 31 0.9583148474999098
31 1 0.9583148474999098
1 33 0.5714285714285714
33 1 0.5714285714285714
1 34 0.5890150893739515
34 1 0.5890150893739515
1 38 0.9147320339189784
38 1 0.9147320339189784
1 43 0.769309258162072
43 1 0.769309258162072
1 45 0.9147320339189784
45 1 0.9147320339189784
1 46 1.0101525445522108
46 1 1.0101525445522108
1 49 0.8571428571428571
49 1 0.8571428571428571
1 50 0.8689660757568884
50 1 0.8689660757568884
1 51 0.9035079029052512
51 1 0.9035079029052512
2 3 0.14285714285714285
3 2 0.14285714285714285
2 4 0.2857142857142857
4 2 0.2857142857142857
2 5 0.42857142857142855
5 2 0.42857142857142855
2 6 0.5714285714285714
6 2 0.5714285714285714
2 7 0.7142857142857142
7 2 0.7142857142857142
2 9 0.20203050891044214
9 2 0.20203050891044214
2 10 0.14285714285714285
10 2 0.14285714285714285
2 11 0.20203050891044214
11 2 0.20203050891044214
2 17 0.3194382824999699
17 2 0.3194382824999699
2 18 0.2857142857142857
18 2 0.2857142857142857
2 19 0.3194382824999699
19 2 0.3194382824999699
2 21 0.5150787536377127
21 2 0.5150787536377127
2 27 0.4517539514526256
27 2 0.4517539514526256
2 33 0.5890150893739515
33 2 0.5890150893739515
2 50 0.8571428571428571
50 2 0.8571428571428571
2 51 0.8689660757568884
51 2 0.8689660757568884
3 4 0.14285714285714285
4 3 0.14285714285714285
3 5 0.2857142857142857
5 3 0.2857142857142857
3 7 0.5714285714285714
7 3 0.5714285714285714
3 17 0.40406101782088427
17 3 0.40406101782088427
3 18 0.3194382824999699
18 3 0.3194382824999699
3 19 0.2857142857142857
19 3 0.2857142857142857
3 20 0.3194382824999699
20 3 0.3194382824999699
3 34 0.5890150893739515
34 3 0.5890150893739515
3 35 0.5714285714285714
35 3 0.5714285714285714
3 37 0.6388765649999398
37 3 0.6388765649999398
3 39 0.8081220356417685
39 3 0.8081220356417685
3 44 0.7284313590846836
44 3 0.7284313590846836
3 49 0.9035079029052512
49 3 0.9035079029052512
3 57 1.0400156984686455
57 3 1.0400156984686455
4 5 0.14285714285714285
5 4 0.14285714285714285
4 9 0.4517539514526256
9 4 0.4517539514526256
4 17 0.5150787536377127
17 4 0.5150787536377127
4 33 0.7142857142857142
33 4 0.7142857142857142
4 59 1.0101525445522108
59 4 1.0101525445522108
5 6 0.1428571428571429
6 5 0.1428571428571429
5 9 0.5890150893739515
9 5 0.5890150893739515
5 11 0.3194382824999699
11 5 0.3194382824999699
5 16 0.45175395145262565
16 5 0.45175395145262565
5 17 0.6388765649999398
17 5 0.6388765649999398
5 23 0.40406101782088427
23 5 0.40406101782088427
5 33 0.8081220356417685
33 5 0.8081220356417685
5 49 1.0301575072754254
49 5 1.0301575072754254
6 17 0.769309258162072
17 6 0.769309258162072
6 34 0.8081220356417685
34 6 0.8081220356417685
6 41 1.0101525445522108
41 6 1.0101525445522108
7 34 0.9147320339189783
34 7 0.9147320339189783
7 37 0.6388765649999398
37 7 0.6388765649999398
7 39 0.5714285714285714
39 7 0.5714285714285714
8 33 1.1517511068997928
33 8 1.1517511068997928
9 11 0.2857142857142857
11 9 0.2857142857142857
9 15 0.8571428571428571
15 9 0.8571428571428571
9 17 0.14285714285714285
17 9 0.14285714285714285
9 18 0.20203050891044214
18 9 0.20203050891044214
9 19 0.3194382824999699
19 9 0.3194382824999699
9 25 0.2857142857142857
25 9 0.2857142857142857
9 33 0.42857142857142855
33 9 0.42857142857142855
9 35 0.5150787536377127
35 9 0.5150787536377127
10 17 0.20203050891044214
17 10 0.20203050891044214
10 21 0.4517539514526256
21 10 0.4517539514526256
10 33 0.4517539514526256
33 10 0.4517539514526256
11 17 0.3194382824999699
17 11 0.3194382824999699
11 33 0.5150787536377127
33 11 0.5150787536377127
12 25 0.5150787536377127
25 12 0.5150787536377127
12 37 0.4517539514526256
37 12 0.4517539514526256
13 19 0.3194382824999699
19 13 0.3194382824999699
13 33 0.7142857142857142
33 13 0.7142857142857142
14 28 0.4040610178208843
28 14 0.4040610178208843
15 46 0.5890150893739514
46 15 0.5890150893739514
17 18 0.14285714285714285
18 17 0.14285714285714285
17 23 0.8571428571428571
23 17 0.8571428571428571
17 29 0.5890150893739515
29 17 0.5890150893739515
17 33 0.2857142857142857
33 17 0.2857142857142857
17 36 0.5150787536377127
36 17 0.5150787536377127
17 37 0.6388765649999398
37 17 0.6388765649999398
17 49 0.5714285714285714
49 17 0.5714285714285714
17 60 0.832993127835043
60 17 0.832993127835043
17 61 0.9147320339189784
61 17 0.9147320339189784
18 33 0.3194382824999699
33 18 0.3194382824999699
18 36 0.40406101782088427
36 18 0.40406101782088427
18 43 0.45175395145262565
43 18 0.45175395145262565
19 41 0.5150787536377128
41 19 0.5150787536377128
20 34 0.40406101782088427
34 20 0.40406101782088427
21 34 0.5150787536377127
34 21 0.5150787536377127
21 41 0.7142857142857143
41 21 0.7142857142857143
27 37 0.3194382824999699
37 27 0.3194382824999699
29 33 0.5890150893739515
33 29 0.5890150893739515
30 58 0.8081220356417685
58 30 0.8081220356417685
33 34 0.14285714285714285
34 33 0.14285714285714285
33 35 0.2857142857142857
35 33 0.2857142857142857
33 41 0.1428571428571429
41 33 0.1428571428571429
33 45 0.5890150893739515
45 33 0.5890150893739515
33 50 0.3194382824999699
50 33 0.3194382824999699
33 52 0.5150787536377127
52 33 0.5150787536377127
33 57 0.4285714285714286
57 33 0.4285714285714286
34 45 0.4517539514526256
45 34 0.4517539514526256
37 38 0.1428571428571429
38 37 0.1428571428571429
37 39 0.2857142857142857
39 37 0.2857142857142857